0 0.591 0.043 0.032 0.038
0 0.566 0.169 0.12 0.049
0 0.48 0.087 0.054 0.171
0 0.489 0.354 0.132 0.226
0 0.446 0.357 0.126 0.077
0 0.334 0.515 0.022 0.056
0 0.312 0.599 0.057 0.046
0 0.321 0.693 0.036 0.016
0 0.323 0.809 0.102 0.031
0 0.418 0.975 0.016 0.051
0 0.399 0.803 0.031 0.065
0 0.456 0.73 0.037 0.035
0 0.439 0.661 0.025 0.133
0 0.413 0.558 0.048 0.076
0 0.353 0.637 0.015 0.024
0 0.376 0.513 0.005 0.083
0 0.531 0.684 0.098 0.014
0 0.465 0.894 0.072 0.094
0 0.69 0.103 0.114 0.084
0 0.727 0.05 0.025 0.066
0 0.705 0.139 0.017 0.046
0 0.664 0.397 0.066 0.255
