0 0.661 0.46 0.029 0.406
0 0.725 0.131 0.024 0.046
0 0.709 0.088 0.11 0.083
0 0.756 0.039 0.028 0.059
0 0.617 0.025 0.035 0.043
0 0.531 0.083 0.046 0.084
0 0.496 0.079 0.051 0.155
0 0.503 0.343 0.126 0.256
0 0.461 0.338 0.127 0.081
0 0.347 0.493 0.02 0.044
0 0.324 0.564 0.062 0.045
0 0.33 0.659 0.045 0.018
0 0.298 0.69 0.016 0.031
0 0.331 0.773 0.094 0.03
0 0.349 0.778 0.057 0.086
0 0.41 0.774 0.039 0.056
0 0.469 0.7 0.041 0.042
0 0.452 0.647 0.028 0.107
0 0.417 0.513 0.03 0.034
0 0.44 0.511 0.006 0.051
0 0.615 0.59 0.037 0.024
0 0.571 0.668 0.041 0.02
0 0.454 0.884 0.046 0.066
0 0.43 0.954 0.024 0.093
