0 0.262 0.156 0.142 0.294
0 0.364 0.033 0.06 0.064
0 0.429 0.189 0.147 0.056
0 0.576 0.306 0.036 0.103
0 0.524 0.516 0.113 0.694
0 0.624 0.507 0.025 0.124
0 0.67 0.71 0.093 0.135
0 0.667 0.57 0.051 0.054
0 0.524 0.631 0.056 0.081
0 0.528 0.753 0.112 0.267
0 0.433 0.657 0.045 0.113
0 0.228 0.848 0.315 0.066
0 0.321 0.774 0.148 0.219
0 0.323 0.484 0.115 0.228
0 0.319 0.5 0.129 0.14
0 0.324 0.406 0.097 0.069
0 0.5 0.503 0.115 0.049
0 0.412 0.438 0.01 0.078
0 0.423 0.328 0.07 0.195
